Unnamed: 0,title,date,stock,sentiment
613504.0,"Bill Ackman Makes Pitch To Elon Musk For New HQ, Channels Howard Hughes",2020-05-21 14:57:00-04:00,HHC,neutral
613505.0,"'Inspired by our namesake Howard Hughes, another visionary American, we propose a few alternatives for your Nevada or Texas move. @HowardHughesCo owns master planned cities where we can create @Tesla new HQ...' -Tweet From Bill Ackman",2020-05-21 13:57:00-04:00,HHC,positive
613506.0,"Q1 13F Roundup: How Buffett, Einhorn, Ackman And Others Adjusted Their Portfolios",2020-05-16 10:15:00-04:00,HHC,neutral
613507.0,"Shares of several real estate companies and REITs are trading lower amid market uncertainty. NOTE: The economic slowdown as a result of the coronavirus pandemic has caused weakness in the broader real estate sector, as many business scale back investment and as a larger number of americans work from home. This has also led to uncertainty surrounding rent payments from businesses facing financial distress.",2020-05-12 12:00:00-04:00,HHC,negative
613508.0,"Howard Hughes Q1 EPS $(2.880) Does Not Compare To $(0.170) Estimate, Sales $175.175M Miss $206.940M Estimate",2020-05-11 16:42:00-04:00,HHC,negative
613509.0,"Piper Sandler Maintains Neutral on Howard Hughes, Raises Price Target to $60",2020-04-13 08:33:00-04:00,HHC,neutral
613510.0,UPDATE: Pershing Square To Buy Howard Hughes Shares For Aggregate Net Proceeds $488M,2020-03-27 10:47:00-04:00,HHC,positive
613511.0,"Howard Hughes Prices 2M Share Common Stock Offering, Private Placement Of 10M Shares At $50/Share",2020-03-27 10:45:00-04:00,HHC,positive
613512.0,Howard Hughes Reports Launch Of Common Stock Offering; Says Pershing Square Indicated It Intends To Purchase Up To $500M At Offer Price,2020-03-27 06:39:00-04:00,HHC,neutral
613513.0,Stocks That Hit 52-Week Lows On Monday,2020-03-23 10:34:00-04:00,HHC,negative
613514.0,Stocks That Hit 52-Week Lows On Friday,2020-03-20 14:26:00-04:00,HHC,negative
613515.0,"Shares of several real estate companies are trading higher, rebounding from recent weakness amid market strength.",2020-03-20 09:24:00-04:00,HHC,positive
613516.0,"Shares of several real estate companies and REITs are trading lower amid the coronavirus outbreak, which has weakened economic outlook and caused some recession concerns.",2020-03-17 10:59:00-04:00,HHC,negative
613517.0,Stocks That Hit 52-Week Lows On Thursday,2020-03-12 12:10:00-04:00,HHC,negative
613518.0,Stocks That Hit 52-Week Lows On Wednesday,2020-03-11 11:41:00-04:00,HHC,negative
613519.0,"Howard Hughes Q4 EPS $(0.03) May Not Compare To $(0.4) Estimate, Sales $284.16M Beat $230.45M Estimate",2020-02-27 16:29:00-05:00,HHC,neutral
613520.0,"Q4 13F Roundup: How Buffett, Einhorn, Ackman And Others Adjusted Their Portfolios",2020-02-18 13:00:00-05:00,HHC,neutral
613521.0,Pershing Square 13F Shows Raised Stake In Howard Hughes Corporation By 83.9% To 2.2M Shares,2020-02-14 16:29:00-05:00,HHC,positive
613522.0,"Howard Hughes Shares Quiet Premarket; 13D Filing From Bill Ackman's Pershing Square Showed Raised Stake From ~1.19M Shares To ~6.38M Shares, Or 14.8% Stake",2019-12-05 07:58:00-05:00,HHC,positive
613523.0,"Howard Hughes Q3 EPS $0.69 Up From $0.54 YoY, Adj. FFO $1.32 vs $1.62 In Same Qtr. Last Year",2019-11-04 16:35:00-05:00,HHC,neutral
613524.0,41 Biggest Movers From Yesterday,2019-10-23 05:09:00-04:00,HHC,neutral
613525.0,"Mid-Afternoon Market Update: Health Care Shares Climb 1.04%, Biogen Shares Spike",2019-10-22 14:47:00-04:00,HHC,positive
613526.0,25 Stocks Moving In Tuesday's Mid-Day Session,2019-10-22 13:28:00-04:00,HHC,neutral
613527.0,Mid-Day Market Update: Energy Up 1.10%; Biogen Shares Spike Higher,2019-10-22 12:58:00-04:00,HHC,positive
613528.0,"Mid-Morning Market Update: Healthcare Shares Trend Higher, Biogen Shares Spike",2019-10-22 11:30:00-04:00,HHC,positive
613529.0,16 Stocks Moving in Tuesday's Pre-Market Session,2019-10-22 07:26:00-04:00,HHC,neutral
613530.0,Howard Hughes Corporation Announces Transformation Plan And Leadership Changes Following Conclusion Of Strategic Review Process; Co. To Sell $2B In Non-Core Assets. Reduce Overhead Expenses By $45M-$50M per Annum And Grow MPC Assets,2019-10-21 16:08:00-04:00,HHC,positive
613531.0,"Howard Hughes Q2 EPS $0.31 Misses $0.47 Estimate, Sales $431.316M Beat $397.43M Estimate",2019-08-07 16:23:00-04:00,HHC,negative
613532.0,"A Look At Benzinga Pro's Most-Searched Tickers For June 28, 2019",2019-06-28 11:38:00-04:00,HHC,neutral
613533.0,"Benzinga Pro's Top 10 Most-Searched Tickers For Morning of Friday, June 28, 2019",2019-06-28 09:51:00-04:00,HHC,positive
613534.0,62 Biggest Movers From Yesterday,2019-06-28 05:20:00-04:00,HHC,neutral
613535.0,48 Stocks Moving In Thursday's Mid-Day Session,2019-06-27 12:41:00-04:00,HHC,neutral
613536.0,"Howard Hughes Shares Resume Trade, Remain Near Session Highs, Up 31.8%",2019-06-27 11:25:00-04:00,HHC,positive
613537.0,"Howard Hughes Reports Review Of Strategic Alternatives, Board Has Retained Centerview Partners",2019-06-27 11:09:00-04:00,HHC,neutral
613538.0,"Report: Howard Hughes Exploring Strategic Alternatives, Possible Sale",2019-06-27 11:08:00-04:00,HHC,neutral
613539.0,Howard Hughes Shares Halted News Pending,2019-06-27 10:41:00-04:00,HHC,positive
613540.0,"Howard Hughes shares are trading higher after CNBC reported the company has hired Centerview Partners to explore alternatives, including a sale.",2019-06-27 10:14:00-04:00,HHC,positive
613541.0,"'Howard Hughes Corp hires Centerview Partners to explore alternatives, including a sale: Sources' -CNBC",2019-06-27 09:54:00-04:00,HHC,neutral
613542.0,"Q1 13F Roundup: How Buffett, Einhorn, Ackman And Others Adjusted Their Portfolios",2019-05-17 09:21:00-04:00,HHC,neutral
613543.0,Pershing Square Issues Q1 Shareholder Letter From Bill Ackman,2019-05-17 08:53:00-04:00,HHC,neutral
613544.0,"Howard Hughes Q1 Core FFO $2.03 Beats $1.89 Estimate, EPS $0.74 vs $0.03 In Same Qtr. Last Year, Sales $353.89M Miss $376.81M Estimate",2019-05-06 16:22:00-04:00,HHC,negative
613545.0,"Earnings Scheduled For May 6, 2019",2019-05-06 04:39:00-04:00,HHC,neutral
613546.0,Bill Ackman's Pershing Square Year-To-Date Return Is 31.9%,2019-03-20 16:24:00-04:00,HHC,neutral
613547.0,"Howard Hughes Q4 EPS $0.86 Beats $0.71 Estimate, Core FFO $2.32, Adj. FFO $2.20",2019-02-27 17:10:00-05:00,HHC,neutral
613548.0,"Q4 13F Roundup: How Buffett, Einhorn, Ackman And Others Adjusted Their Portfolios",2019-02-15 10:21:00-05:00,HHC,neutral
613549.0,"13F From Ackman's Pershing Square Shows Cut Stakes In Chipotle, Howard Hughes, Restaurant Brands",2019-02-14 16:51:00-05:00,HHC,negative
613550.0,"Stocks Which Set New 52-Week Low Last Trading Session, Fri., Dec. 14, 2018",2018-12-17 11:48:00-05:00,HHC,negative
613551.0,"Q3 13F Roundup: How Buffett, Einhorn, Ackman And Others Adjusted Their Portfolio",2018-11-15 11:23:00-05:00,HHC,neutral
613552.0,13F For Ackman's Pershing Square Shows Modest Cut In Howard Hughes Position,2018-11-14 16:30:00-05:00,HHC,negative
613553.0,"Howard Hughes Corporation (The) Q3 EPS $0.54 Up From $0.24 YoY, Sales $257.16M Beat $191.77M Estimate, Adj. FFO $1.63",2018-11-05 17:03:00-05:00,HHC,neutral
613554.0,"Stocks Which Set New 52-Week Low Yesterday, October 29th",2018-10-30 12:40:00-04:00,HHC,negative
613555.0,"Stocks Which Set New 52-Week Low Friday, October 26th",2018-10-29 09:56:00-04:00,HHC,negative
613556.0,"Stocks Which Set New 52-Week Low Yesterday, October 23rd",2018-10-24 10:06:00-04:00,HHC,negative
613557.0,"Stocks Which Set New 52-Week Low Yesterday, October 22nd",2018-10-23 09:54:00-04:00,HHC,negative
613558.0,"Stocks Which Set New 52-Week Low Yesterday, October 11th",2018-10-12 11:30:00-04:00,HHC,negative
613559.0,"Stocks Which Set New 52-Week Low Yesterday, October 10th",2018-10-11 09:11:00-04:00,HHC,negative
613560.0,"The Howard Hughes Corporation Announces Acquires Two Class-A Office Buildings And Additional Development Land In The Woodlands, Texas For $53M",2018-09-05 07:41:00-04:00,HHC,neutral
613561.0,"Citigroup Maintains Buy on Howard Hughes, Lowers Price Target to $157",2018-08-13 08:56:00-04:00,HHC,negative
613562.0,"Howard Hughes Q2 EPS $(0.12) vs $0.07 In Same Qtr. Last Year, Adj. FFO $0.71 vs $2.08 Year Over Year",2018-08-06 16:31:00-04:00,HHC,neutral
613563.0,"Earnings Scheduled For August 6, 2018",2018-08-06 04:44:00-04:00,HHC,neutral
613564.0,"Jefferies Initiates Coverage On Howard Hughes with Buy Rating, Announces $170 Price Target",2018-07-02 09:44:00-04:00,HHC,neutral
613565.0,Reviewing Bill Ackman's Q1 Trading Activity: Sells Nike and Howard Hughes,2018-06-26 11:01:00-04:00,HHC,neutral
613566.0,"The Howard Hughes Corporation Announces Acquisition Of 250 Water Street In The Seaport District; Co. Purchased Site For $180M Plus Closing Costs, Including Initial Payment Of $53M And A Mortgage For The Balance",2018-06-12 07:39:00-04:00,HHC,neutral
613567.0,"Q1 13F Roundup: How Buffett, Einhorn, Ackman And Others Adjusted Their Portfolio",2018-05-16 11:38:00-04:00,HHC,neutral
613568.0,Howard Hughes Q1 Sales $161.7M Misses $266.77M Est.,2018-05-01 18:02:00-04:00,HHC,negative
613569.0,Howard Hughes Q1 Adj. FFO $0.91,2018-05-01 18:01:00-04:00,HHC,neutral
613570.0,"Howard Hughes Q1 EPS $0.03 vs $0.13 In Same Qtr. Last Year, Core FFO $1.02",2018-05-01 18:00:00-04:00,HHC,neutral
613571.0,The Howard Hughes Corporation Issues Letter To Shareholders,2018-04-25 07:34:00-04:00,HHC,neutral
613572.0,The Howard Hughes Corporation Says its CEO Sold 400K Shares of Stock to Satisfy a Take Obligation from the Exercise of Warrants,2018-04-09 07:35:00-04:00,HHC,positive
613573.0,"Howard Hughes Reports Q4 GAAP EPS $3.46 vs $1.02 In Same Qtr. Last Year, Core FFO $1.75, Adj. FFO $1.60",2018-02-26 17:39:00-05:00,HHC,neutral
613574.0,Bill Ackman Defends Another Down Year For Pershing Square,2018-01-30 16:22:00-05:00,HHC,neutral
613575.0,"Jim Cramer Shares His Thoughts On Baidu, Hormel Foods, Palo Alto, And More",2018-01-19 06:59:00-05:00,HHC,positive
613576.0,UPDATE: Form 4 Filing From Bill Ackman On Howard Hughes Wed. Evening Showed Sale Of 2.5M Shares At Average Price Of $127.86/Share,2018-01-04 06:13:00-05:00,HHC,positive
613577.0,"UPDATE: Howard Hughes Amended 13D Filing From Bill Ackman's Pershing Square Shows Reduced Stake From ~4.7M Shares At End Of Last Qtr. To ~2.2M Shares, Or 5.1% Stake",2018-01-04 06:12:00-05:00,HHC,positive
613578.0,"Bill Ackman Reports 5.1% Stake in Howard Hughes Corp as of January 2 vs 10.9% Stake as of June 30, 2017 -13D",2018-01-04 06:12:00-05:00,HHC,neutral
613579.0,Watch Shares of Howard Hughes After the Company Announced the $41.8M Disposition of Non-Core Assets,2018-01-03 07:37:00-05:00,HHC,positive
613580.0,Pershing Square Announcing Proposed Sale Of Entire Common Stock Stake In Howard Hughes Corp.,2018-01-02 16:18:00-05:00,HHC,neutral
613581.0,Howard Hughes Reports 2.5M Share Common Stock Offering Via Selling Holders,2018-01-02 16:05:00-05:00,HHC,positive
613582.0,"A Closer Look At Pershing Square's Shareholder Letter: ADP, Chipotle, And More",2017-11-27 14:03:00-05:00,HHC,neutral
613583.0,"Howard Hughes Reports Q3 EPS $0.24 vs $0.19 In Same Qtr. Last Year, FFO $1.05, Core FFO $1.39 vs $1.47 YoY",2017-11-06 16:22:00-05:00,HHC,neutral
613584.0,Howard Hughes Shares Tick Higher As Bill Ackman Discussing Co. Related To Development On Pier In NYC,2017-11-06 12:40:00-05:00,HHC,positive
613585.0,"Howard Hughes Announces a 10 Year Employment Agreement with CEO David Weinreb, Weinreb Buys $50M of Warrents",2017-09-05 07:37:00-04:00,HHC,positive
613586.0,"Howard Hughes Offers Update On Impact Of Houston Assets From Harvey: All Assets Fully Operational, Open With Only Minor Damage",2017-08-31 09:04:00-04:00,HHC,negative
613587.0,"Earlier 13F From Bill Ackman's Pershing Square Showed New ~1.75M Share Stake In ADP, Liquidated Stake In Air Products, Increased Stake In Howard Hughes, Decreased Stake In Mondelez",2017-08-14 17:08:00-04:00,HHC,positive
613588.0,"Howard Hughes Reports Q2 AFFO/Share $2.08, EPS $0.07 vs. $0.72 Est., Sales $308.6M vs. $217.47M Est.",2017-08-07 17:05:00-04:00,HHC,neutral
613589.0,"Earnings Scheduled For August 7, 2017",2017-08-07 05:03:00-04:00,HHC,neutral
613590.0,Companies Holding Analyst/Investor Days Today Include: Thermo Fisher Scientific & Howard Hughes,2017-05-17 09:12:00-04:00,HHC,neutral
613591.0,Ira Sohn 2017 Conference: Everything You Need To Know,2017-05-09 14:48:00-04:00,HHC,neutral
613592.0,Howard Hughes Might Be Bill Ackman's Last Hope To Build A Real Estate Empire,2017-05-08 16:45:00-04:00,HHC,positive
613593.0,Pershing's Ackman Done Presenting At Sohn Conf.,2017-05-08 13:57:00-04:00,HHC,neutral
613594.0,"Howard Hughes Shares Now Up 3% as Bill Ackman Discussing at Sohn Conference; BZ NOTE: Pershing Square is Currently the Largest Holder in Howard Hughes Shares, Holding ~3.6M Shares",2017-05-08 13:48:00-04:00,HHC,positive
613595.0,"Bill Ackman at Ira Sohn Says 'We've Never Sold a Share of Howard Hughes,' Says Sees Opportunity in the Name Right Now",2017-05-08 13:47:00-04:00,HHC,positive
613596.0,Howard Hughes Spiking As Pershing's Bill Ackman Speaks About Master-Planned Communities At Sohn Conf.,2017-05-08 13:43:00-04:00,HHC,neutral
613597.0,"Howard Hughes Reports Q1 EPS $0.13 vs $2.56 in Same Qtr. Last Year, Core FFO $1.66 vs $1.64 YoY",2017-05-03 17:27:00-04:00,HHC,neutral
613598.0,The Howard Hughes Corporation Issues Letter to Shareholders,2017-04-27 17:28:00-04:00,HHC,neutral
613599.0,Howard Hughes Issues Letter to Holders,2017-04-27 07:20:00-04:00,HHC,neutral
613600.0,"The Howard Hughes Corporation Reports Q4 Adj. EPS $1.69 Does Not Compare To $0.66 Est., Sales $278M vs. $262M Est.",2017-02-23 16:37:00-05:00,HHC,neutral
613601.0,"Howard Hughes Acquires Two Columbia, OH Office Buildings for ~$39M",2017-01-11 07:03:00-05:00,HHC,neutral
613602.0,"The Howard Hughes Corp. Reports Q3 GAAP EPS $0.19, Adj. EPS $1.10 vs $1.21 Est., Sales $240.806M vs $269.3M Est.",2016-11-08 07:52:00-05:00,HHC,neutral
613603.0,Howard Hughes Announces David O'Reilly CFO,2016-10-11 07:01:00-04:00,HHC,neutral
613604.0,"Howard Hughes Reports Q2 EPS $0.16, Adj. Net income $67.3M vs $24.2M in Same Qtr. Last Year, Sales $272.151M vs $270.9M Est.",2016-08-08 08:46:00-04:00,HHC,neutral
613605.0,The Market In 5 Minutes: Friday The 13th,2016-05-13 09:42:00-04:00,HHC,neutral
613606.0,"Citi Calls Howard Hughes 'Underfollowed, Undervalued, Not Fully Understood'; Initiates At Buy",2016-05-13 09:23:00-04:00,HHC,neutral
613607.0,"Citigroup Initiates Coverage on Howard Hughes at Buy, Announces $165.00 PT",2016-05-13 07:10:00-04:00,HHC,neutral
613608.0,"Howard Hughes Reports Q1 EPS $2.69 vs $(2.68) in Same Qtr. Last Year, Sales $239.666M vs $216M Est.",2016-05-02 07:22:00-04:00,HHC,neutral
613609.0,Tilson: Howard Hughes And Fannie Mae Are My 2 Favorite Stock Ideas,2016-04-19 13:33:00-04:00,HHC,positive
613610.0,Whitney Tilson In E-mail Says His 2 Favorite Long Ideas Are Howard Hughes And Fannie Mae,2016-04-19 11:33:00-04:00,HHC,positive
613611.0,"Howard Hughes Announces CFO Andrew Richardson Leaving Co., Search Will Commence Immediately",2016-04-08 07:01:00-04:00,HHC,neutral
613612.0,Howard Hughes Spiking A Bit As Bill Ackman Discusses Positive Aspects Of Co On Conference Call,2016-04-06 10:25:00-04:00,HHC,positive
613613.0,The Howard Hughes Corporation Issues Letter to Shareholders,2016-03-23 07:05:00-04:00,HHC,neutral
613614.0,"Howard Hughes Reports Q4 EPS Ex Items $1.00 May Not Compare, Sales $229.4M Vs Prior 207.1M",2016-02-29 08:49:00-05:00,HHC,neutral
613615.0,Pershing Square Reports 13.2% Stake In The Howard Hughes Corporation 13D Filing,2016-01-04 17:22:00-05:00,HHC,neutral
613616.0,The Howard Hughes Corporation® Signs Chef and Restaurateur Jean-Georges Vongerichten,2015-09-09 08:30:00-04:00,HHC,neutral
613617.0,A Look At Bill Ackman's Super-Concentrated Equity Portfolio,2015-08-18 15:51:00-04:00,HHC,neutral
613618.0,"Howard Hughes Corp Reports Q2 EPS $0.18 Vs est $0.17, Sales $209.2M vs Est $147.96M",2015-08-10 16:49:00-04:00,HHC,neutral
613619.0,Credit Suisse Bumps Lennar On Five Point IPO Valuation,2015-07-09 11:30:00-04:00,HHC,positive
613620.0,"Howard Hughes Reports Q1 Adj EPS $0.56 Vs Est $0.07 May Not Compare, Revs $155.1M vs Est $122.47M",2015-05-11 08:53:00-04:00,HHC,neutral
613621.0,5 Mid-Cap Financial Stocks With The Highest EPS Growth Forecast For Next Year,2015-03-16 09:18:00-04:00,HHC,positive
613622.0,8-K from Howard Hughes Shows Q4 Adj. EPS $0.51 May Not Compare to $0.19 Est.,2015-03-02 08:26:00-05:00,HHC,neutral
613623.0,Kase Fund's Top 10 Stocks In 2015,2015-02-23 15:09:00-05:00,HHC,positive
613624.0,59 Financial Experts Just Revealed What 2015 Could Bring,2014-12-30 16:55:00-05:00,HHC,neutral
613625.0,WWD Announces New Partnership With The Howard Hughes Corporation,2014-12-11 11:05:00-05:00,HHC,neutral
613626.0,The Howard Hughes Corporation Receives Approval For Ward Village Gateway,2014-12-01 07:01:00-05:00,HHC,positive
613627.0,From Howard Hughes 10-Q: Q3 EPS of $0.48 vs $0.39 Est; Revenue of $119.20M vs $137.27M Est,2014-11-10 08:24:00-05:00,HHC,neutral
613628.0,The Howard Hughes Corporation Closes $600M Construction Financing For Ward Village,2014-11-10 07:04:00-05:00,HHC,neutral
613629.0,The Howard Hughes Corporation And Embassy Suites Announce Plans For An Upscale Hotel In Hughes Landing On Lake Woodlands,2014-10-16 07:05:00-04:00,HHC,neutral
613630.0,"Howard Hughes Corporation (The) Reports Q2 EPS of $(0.37), Up 81% YOY; Revenue of $209.63M, Up 43% YOY",2014-08-07 16:50:00-04:00,HHC,neutral
613631.0,Howard Hughes Corporation (The) Reports Q2 EPS of $1.48,2014-08-07 16:38:00-04:00,HHC,neutral
613632.0,Whitney Tilson Says His Largest Long Position is in Howard Hughes,2014-06-04 09:35:00-04:00,HHC,neutral
613633.0,Howard Hughes Corporation (The) Reports Q1 EPS of $0.24 vs $0.26 Est; Revenue of $98.65M vs $89.10M Est,2014-05-08 07:45:00-04:00,HHC,neutral
613634.0,"Market Wrap For April 21: S&P 500 Extends Winning Streak To Five Days, Dow & Nasdaq Also Positive",2014-04-21 16:37:00-04:00,HHC,positive
613635.0,Compass Point Reiterates on 'Attractive & Valuable' Howard Hughes Summerlin MPC,2014-04-21 13:22:00-04:00,HHC,positive
613636.0,"Compass Point Maintains Buy on Howard Hughes Corporation (The), Raises PT to $200.00",2014-04-21 07:57:00-04:00,HHC,neutral
613637.0,"JMP Securities Maintains Market Outperform on Howard Hughes Corporation (The), Raises PT to $170.00",2014-04-08 08:17:00-04:00,HHC,positive
613638.0,Howard Hughes Corporation Confirms Interest in Possible Acquisition of 80 South Street,2014-03-26 13:47:00-04:00,HHC,positive
613639.0,"Compass Point Maintains Buy on Howard Hughes Corporation (The), Raises PT to $190.00",2014-03-11 06:27:00-04:00,HHC,neutral
613640.0,Howard Hughes Corporation (The) Reports Q4 EPS of $0.44 vs $0.32 Est; Revenue of $133.95M vs $101.50M Est,2014-02-27 17:08:00-05:00,HHC,neutral
613641.0,Howard Hughes Shares Moving Higher on Bill Ackman Comments on Bloomberg TV,2013-11-22 10:51:00-05:00,HHC,positive
613642.0,"Compass Point Maintains Buy on Howard Hughes Corporation (The), Raises PT to $160.00",2013-11-21 08:19:00-05:00,HHC,neutral
613643.0,Howard Hughes Corporation (The) Reports Q3 EPS of $0.17 vs $0.55 Est; Revenue of $103.50M vs $90.50M Est,2013-11-07 17:38:00-05:00,HHC,neutral
613644.0,The Howard Hughes Corporation Announces Pricing of $750M Senior Notes ,2013-09-27 15:58:00-04:00,HHC,neutral
613645.0,Howard Hughes Corp Receives HCDA Approval for Two Phase One Towers at Ward Village ,2013-08-22 07:02:00-04:00,HHC,positive
613646.0,Howard Hughes Corporation (The) Reports Q2 EPS of $(1.94) Which May Not Compare $0.39 Est,2013-08-08 07:34:00-04:00,HHC,neutral
613647.0,"Howard Hughes Corporation Receives Rezoning Approval for Landmark Mall in Alexandria, VA",2013-06-17 07:09:00-04:00,HHC,positive
613648.0,"Compass Point Maintains Buy on Howard Hughes Corporation (The), Raises PT to $140.00",2013-05-13 06:46:00-04:00,HHC,neutral
613649.0,"Howard Hughes Corporation (The) Reports Q1 EPS of $(0.59), Down 134% YOY; Revenue of $90.10M vs $156.87M Est",2013-05-09 17:27:00-04:00,HHC,neutral
613650.0,"JMP Securities Initiates Coverage on Howard Hughes Corporation (The) at Market Outperform, Announces $130.00 PT",2013-05-06 08:23:00-04:00,HHC,positive
613651.0,"Compass Point Maintains Buy on Howard Hughes Corporation (The), Raises PT to $120.00",2013-04-04 06:31:00-04:00,HHC,neutral
613652.0,New York City Council Approves Howard Hughes Corporation South Street Seaport Redevelopment Project,2013-03-21 07:14:00-04:00,HHC,positive
613653.0,Howard Hughes Issues Letter to Holders,2013-03-05 09:29:00-05:00,HHC,neutral
613654.0,"Ackman's Pershing Square Showing 13.2% Stake in Howard Hughes, Includes Options, Warrants",2013-01-03 16:44:00-05:00,HHC,neutral
613655.0,Top 4 Mid-Cap Stocks In The REIT-Diversified Industry With The Highest Cash,2012-12-14 03:29:00-05:00,HHC,positive
613656.0,Pershing Square's Bill Ackman Discusses J.C. Penney and General Growth Properties at Value Investing Congress,2012-10-02 13:42:00-04:00,HHC,positive
613657.0,"Compass Point Maintains Howard Hughes at Buy, Raises PT from $77 to $90",2012-10-02 07:49:00-04:00,HHC,neutral
613658.0,The Howard Hughes Corporation Announces Macy's Signs on as First Anchor Tenant at the Shops at Summerlin,2012-09-19 17:21:00-04:00,HHC,neutral
613659.0,"Ackman's Pershing Square Sells Kraft, Family Dollar Stakes",2012-08-14 16:58:00-04:00,HHC,neutral
613660.0,The Howard Hughes Corporation Secures $158 Million Loan Package for Bridgeland,2012-07-12 08:38:00-04:00,HHC,positive
613661.0,UPDATE: Compass Point Raises Howard Hughes' PT,2012-05-11 07:23:00-04:00,HHC,neutral
613662.0,"Compass Point Maintains Howard Hughes at Buy, Raises PT from $75 to $77",2012-05-11 06:14:00-04:00,HHC,neutral
613663.0,Whitney Tilson: Howard Hughes is Significantly Undervalued,2012-03-08 12:37:00-05:00,HHC,neutral
613664.0,Howard Hughes Spiking Higher on Heavy Volume; Currently at $61.27,2012-03-08 12:07:00-05:00,HHC,neutral
613665.0,The Howard Hughes Corporation Partners with Huntsman Corporation on New Building at The Woodlands,2012-03-07 08:38:00-05:00,HHC,neutral
613666.0,Howard Hughes Reports Q4 EPS $0.80,2012-02-29 17:29:00-05:00,HHC,neutral
613667.0,Major Tenants Signed Prior to Construction of 3 Waterway Square Place; Up To 3 Additional Buildings Planned   ,2012-02-23 08:39:00-05:00,HHC,neutral
613668.0,Why I added DreamWorks to my portfolio,2012-02-16 04:17:00-05:00,HHC,neutral
613669.0,The Howard Hughes Corporation Secures $55 Million Loan for 4 Waterway Square and 9303 New Trails,2011-12-13 08:38:00-05:00,HHC,positive
613670.0,Howard Hughes Reports Q3 EPS $0.25 May Not be Comparable to $0.09 Est (1 Est),2011-11-10 17:35:00-05:00,HHC,neutral
613671.0,"Bill Ackman Believes in Howard Hughes, Says Book Value is $50/Share",2011-10-18 15:38:00-04:00,HHC,positive
613672.0,CORRECTION: Bill Ackman Says Howard Hughes Seeing Best Sales Ever in Houston,2011-10-18 15:15:00-04:00,HHC,positive
613673.0,Bill Ackman Says Howard Hughes Seeing Best Sales Ever in Housing,2011-10-18 15:14:00-04:00,HHC,positive
613674.0,The Howard Hughes Corporation Secures $250M Flexible Loan to Advance the Master Redevelopment Plan for Ward Centers in Honolulu   ,2011-10-04 08:37:00-04:00,HHC,positive
613675.0,The Howard Hughes Corporation Partners With Childress Klein on Bridges at Mint Hill in Charlotte  ,2011-09-28 08:39:00-04:00,HHC,neutral
613676.0,"When, if Ever, Will Housing Turn Around?",2011-09-20 14:53:00-04:00,HHC,neutral
613677.0,Delivering Alpha: Where Is Real Estate Going?,2011-09-14 16:20:00-04:00,HHC,neutral
613678.0,To Rent Or To Buy: That Is The Question,2011-08-16 10:31:00-04:00,HHC,neutral
613679.0,Market Winners,2011-08-10 15:35:00-04:00,HHC,positive
613680.0,The General's Growth Stops Short,2011-08-02 13:59:00-04:00,HHC,positive
613681.0,Is The Housing Sector Starting To Turn Around?,2011-07-28 14:13:00-04:00,HHC,neutral
613682.0,The Howard Hughes Corporation Acquires Morgan Stanley Real Estate Investing's Interest in The Woodlands Master Planned Community for $117.5M   ,2011-06-29 08:30:00-04:00,HHC,positive
613683.0,Ackman Considering Taking Pershing Square Public,2011-06-16 13:14:00-04:00,HHC,neutral
613684.0, Howard Hughes Rebounding After Sharp Sell Off ,2011-06-14 15:12:00-04:00,HHC,neutral
613685.0,"Howard Hughes Bucks The Trend, Flys Higher In A Weak Market",2011-05-23 15:32:00-04:00,HHC,negative
613686.0,Howard Hughes Up In A Weak Market (HHC),2011-05-16 15:41:00-04:00,HHC,negative
613687.0,Compass Point Reiterates Buy on Howard Hughes (HHC),2011-05-13 09:11:00-04:00,HHC,neutral
613688.0,Howard Hughes Corp Down 2% Following Earnings Report (HHC),2011-05-11 11:51:00-04:00,HHC,neutral
613689.0,Howard Hughes Corporation Reports EPS of $0.30 vs. $0.00 Estimate; Revenues $53.1M. vs. $24.36MM Estimate (HHC),2011-05-10 16:35:00-04:00,HHC,neutral
613690.0,Howard Hughes Up 2% After Whitney Tilson Presentation (HHC),2011-05-04 11:20:00-04:00,HHC,neutral
613691.0,Whitney Tilson's New Pick is Howard Hughes -CNBC (HHC),2011-05-03 17:49:00-04:00,HHC,neutral
613692.0,T2 Partners Discloses It Has Been Adding To Howard Hughes Stake (HHC),2011-04-12 13:10:00-04:00,HHC,neutral
613693.0,"Howard Hughes Continues To Plunge, Down Nearly 10% (HHC)",2011-04-11 12:03:00-04:00,HHC,neutral
613694.0,Howard Hughes Off 5% After Reporting Earnings (HHC),2011-04-08 12:21:00-04:00,HHC,neutral
613695.0,Simon Property Group Continues Slide After Ackman Reveals Short Position (SPG),2011-04-08 11:37:00-04:00,HHC,neutral
613696.0,Howard Hughes Corp Down 2% (HHC) ,2011-04-06 10:33:00-04:00,HHC,neutral
613697.0,Howard Hughes Well Off The Highs (HHC),2011-03-21 14:19:00-04:00,HHC,positive
613698.0, Howard Hughes Off 3% On Light Volume (HHC),2011-03-16 13:24:00-04:00,HHC,neutral
613699.0,Shares of Howard Hughes Down 1% After Ringing Opening Bell (HHC),2011-03-11 10:53:00-05:00,HHC,positive
613700.0,"Pershing Square Has Monster February (GGP, HHC)",2011-03-03 11:49:00-05:00,HHC,neutral
613701.0,The Howard Hughes Corporation Names Andrew C. Richardson as CFO,2011-02-28 07:48:00-05:00,HHC,neutral
613702.0,NorthStar Realty Finance Announces Resignation of CFO,2011-02-28 07:31:00-05:00,HHC,negative
613703.0,"Bill Ackman Raises Stakes In Fortune, J.C. Penney (JCP, FO)",2011-02-15 08:18:00-05:00,HHC,neutral
613704.0,"Two Investment Legends At The Harbor Investment Conference (GGP, HHC, JOE, C, GS)",2011-02-04 16:00:00-05:00,HHC,neutral
613705.0,Simon Property Drops Capital Offer - Analyst Blog,2011-01-11 11:30:00-05:00,HHC,neutral
